2 0.2203125 0.15703125 0.0234375 0.03046875
2 0.18671875 0.08671875 0.01015625 0.00546875
1 0.42421875 0.1546875 0.0109375 0.01875
6 0.35390625 0.15546875 0.01015625 0.01953125
5 0.27109375 0.00859375 0.00234375 0.003125
5 0.01796875 0.0421875 0.01640625 0.02890625
4 0.18515625 0.0140625 0.0203125 0.028125
3 0.5125 0.05859375 0.00390625 0.015625
0 0.18203125 0.1125 0.01328125 0.07109375
2 0.5828125 0.1765625 0.0328125 0.0265625
2 0.39375 0.1546875 0.02109375 0.01640625
0 0.1984375 0.0890625 0.01484375 0.00390625
6 0.27890625 0.1640625 0.0125 0.01796875
5 0.26953125 0.01171875 0.00859375 0.02109375
5 0.01953125 0.040625 0.00390625 0.00390625
4 0.7046875 0.09140625 0.01015625 0.06875
3 0.2796875 0.03046875 0.00703125 0.015625
1 0.14140625 0.103125 0.01875 0.09140625
6 0.29609375 0.17421875 0.015625 0.02109375
3 0.02421875 0.0734375 0.01171875 0.01875
1 0.1703125 0.10390625 0.0234375 0.09296875
0 0.2265625 0.1140625 0.0140625 0.071875
1 0.153125 0.103125 0.02578125 0.09609375
0 0.19375 0.11328125 0.01484375 0.0703125
1 0.12890625 0.1015625 0.02734375 0.0984375
0 0.00703125 0.1421875 0.01328125 0.01171875
0 0.33125 0.16015625 0.01796875 0.01640625
1 0.5203125 0.39921875 0.0953125 0.2765625
1 0.43828125 0.1640625 0.0125 0.025