2 0.025 0.01015625 0.04921875 0.0203125
6 0.2796875 0.028125 0.06171875 0.03515625
4 0.878125 0.03046875 0.0515625 0.06015625
1 0.690625 0.26953125 0.178125 0.5390625
0 0.18125 0.5 0.2578125 1
6 0.5171875 0.040625 0.01484375 0.01640625
1 0.60859375 0.30859375 0.1640625 0.6171875
0 0.15546875 0.12109375 0.1171875 0.2421875
1 0.84375 0.28515625 0.25859375 0.5703125
0 0.459375 0.5109375 0.18671875 0.978125
1 0.83828125 0.43828125 0.3234375 0.87578125
1 0.5625 0.04609375 0.00390625 0.015625
1 0.85625 0.8578125 0.2875 0.28125