0 0.02578125 0.22265625 0.05078125 0.05625
2 0.459375 0.14375 0.04765625 0.0484375
2 0.33828125 0.003125 0.01875 0.00625
1 0.20390625 0.02890625 0.02109375 0.03515625
6 0.2515625 0.09921875 0.01328125 0.03359375
2 0.39609375 0.02578125 0.02578125 0.03515625
0 0.08984375 0.046875 0.0296875 0.02578125
1 0.2046875 0.196875 0.0359375 0.06015625
6 0.240625 0.00390625 0.01015625 0.00703125
0 0.48984375 0.42109375 0.053125 0.23515625
1 0.503125 0.24453125 0.10078125 0.05546875
6 0.2828125 0.49453125 0.03828125 0.05859375