2 0.334375 0.13671875 0.02578125 0.0453125
0 0.64765625 0.53671875 0.45 0.24296875
6 0.80703125 0.02265625 0.1484375 0.0453125
1 0.153125 0.03203125 0.03125 0.0640625
6 0.2734375 0.15703125 0.0484375 0.053125
1 0.16015625 0.028125 0.01796875 0.05546875
0 0.1171875 0.04296875 0.0234375 0.015625
6 0.290625 0.17265625 0.03359375 0.03046875
1 0.1703125 0.02734375 0.0265625 0.0546875
0 0.18515625 0.021875 0.01953125 0.04375
1 0.33125 0.03984375 0.046875 0.05390625
0 0.2140625 0.01796875 0.01640625 0.0359375
1 0.1375 0.0359375 0.03203125 0.07109375
0 0.19609375 0.01875 0.0171875 0.0375
1 0.52421875 0.0171875 0.03203125 0.034375