2 0.41484375 0.26953125 0.0265625 0.0203125
2 0.4921875 0.203125 0.01640625 0.00546875
0 0.2921875 0.2640625 0.04765625 0.01953125
1 0.315625 0.19765625 0.0328125 0.08203125
6 0.1765625 0.26875 0.04453125 0.03046875
5 0.38828125 0.125 0.00859375 0.02578125
4 0.065625 0.15625 0.0296875 0.065625
3 0.38046875 0.12890625 0.00625 0.01640625
2 0.59375 0.303125 0.2296875 0.290625
6 0.1703125 0.265625 0.0015625 0.0015625
6 0.7984375 0.33125 0.19453125 0.11796875
5 0.075 0.20546875 0.00390625 0.00390625
5 0.690625 0.21328125 0.01015625 0.025
4 0.89921875 0.17734375 0.04609375 0.09921875
5 0.07265625 0.2078125 0.015625 0.03046875
5 0.6921875 0.2140625 0.00234375 0.00390625
4 0.29140625 0.1296875 0.01875 0.05703125