2 0.21875 0.415625 0.06328125 0.08984375
2 0.0015625 0.31796875 0.00234375 0.0203125
6 0.38984375 0.30625 0.02734375 0.0140625
5 0.2734375 0.1515625 0.01015625 0.025
4 0.1703125 0.16171875 0.02265625 0.0546875
3 0.26484375 0.15546875 0.00703125 0.015625
1 0.846875 0.2921875 0.1015625 0.4140625
0 0.97734375 0.40625 0.0453125 0.684375
2 0.20234375 0.30546875 0.015625 0.02421875
6 0.028125 0.31328125 0.03828125 0.021875
5 0.53125 0.24375 0.00703125 0.03125
4 0.6546875 0.21875 0.0296875 0.10078125
1 0.7796875 0.09375 0.05546875 0.02421875
0 0.9140625 0.42265625 0.171875 0.8359375
1 0.96875 0.0921875 0.0625 0.15078125
0 0.49921875 0.3640625 0.06796875 0.5265625
0 0.0671875 0.234375 0.03828125 0.00546875
1 0.771875 0.29921875 0.11328125 0.52421875
0 0.27890625 0.30625 0.01484375 0.01484375
1 0.0515625 0.334375 0.075 0.03984375
1 0.19921875 0.321875 0.0203125 0.02578125
1 0.10390625 0.37578125 0.06328125 0.0890625
1 0.259375 0.23359375 0.0203125 0.01171875