6 0.07890625 0.21875 0.03359375 0.00859375
5 0.315625 0.13828125 0.00859375 0.02421875
4 0.02890625 0.18359375 0.02734375 0.05390625
3 0.22890625 0.13984375 0.00703125 0.01640625
1 0.53671875 0.53125 0.140625 0.234375
0 0.27578125 0.31953125 0.04453125 0.0265625
2 0.3421875 0.51796875 0.06171875 0.1515625
1 0.11875 0.22109375 0.03203125 0.0046875
4 0.4703125 0.21171875 0.00859375 0.01015625
5 0.484375 0.22421875 0.00546875 0.01953125
0 0.29296875 0.30078125 0.025 0.01953125
1 0.32421875 0.35390625 0.0640625 0.05625
4 0.67265625 0.04921875 0.03203125 0.0984375
0 0.53359375 0.39296875 0.07578125 0.0484375
1 0.00625 0.29921875 0.01171875 0.02421875
0 0.22890625 0.35 0.0703125 0.03671875
0 0.303125 0.3234375 0.0484375 0.0265625
0 0.92109375 0.6296875 0.1578125 0.740625
0 0.715625 0.47421875 0.14296875 0.803125
0 0.2859375 0.22109375 0.02578125 0.00703125