2 0.4609375 0.44921875 0.00390625 0.02109375
5 0.4796875 0.29375 0.00859375 0.0265625
4 0.38515625 0.3140625 0.01796875 0.05703125
3 0.48984375 0.31640625 0.00625 0.01640625
1 0.190625 0.3375 0.03515625 0.18828125
0 0.29921875 0.37265625 0.01796875 0.11953125
3 0.85625 0.296875 0.01015625 0.0265625
1 0.1453125 0.33671875 0.03671875 0.18828125
0 0.175 0.446875 0.0015625 0.00546875
1 0.23671875 0.34296875 0.03046875 0.16640625
0 0.27421875 0.37109375 0.01875 0.1234375
1 0.209375 0.346875 0.0140625 0.15546875
0 0.3421875 0.365625 0.01796875 0.13828125
0 0.24375 0.45078125 0.11796875 0.05390625
1 0.39375 0.36953125 0.00859375 0.0046875
0 0.71640625 0.4578125 0.50703125 0.19921875