2 0.66640625 0.43046875 0.01015625 0.02421875
1 0.9703125 0.51015625 0.05859375 0.03515625
5 0.4546875 0.26015625 0.0078125 0.021875
6 0.578125 0.728125 0.1046875 0.15078125
4 0.21796875 0.2515625 0.00546875 0.01953125
0 0.3921875 0.38125 0.01328125 0.00390625
2 0.6 0.353125 0.00859375 0.0140625
4 0.565625 0.2734375 0.01484375 0.04453125
5 0.27578125 0.2828125 0.009375 0.025
6 0.6078125 0.35390625 0.00703125 0.01484375
1 0.6453125 0.42421875 0.03671875 0.02109375
2 0.4 0.38046875 0.00234375 0.021875
6 0.63125 0.428125 0.01640625 0.01640625
1 0.5515625 0.34609375 0.00859375 0.0109375
0 0.728125 0.49765625 0.0328125 0.03828125
2 0.675 0.4734375 0.03515625 0.03359375
6 0.56484375 0.83828125 0.21015625 0.2265625
0 0.52109375 0.40625 0.028125 0.015625
1 0.89921875 0.5 0.06875 0.04296875
6 0.915625 0.55078125 0.06171875 0.059375
0 0.565625 0.43203125 0.02109375 0.01953125