2 0.1828125 0.0703125 0.01015625 0.009375
0 0.24765625 0.16796875 0.01953125 0.00625
6 0.19140625 0.07578125 0.01953125 0.00859375
1 0.16328125 0.065625 0.03671875 0.01875
2 0.29453125 0.178125 0.0265625 0.040625
6 0.4734375 0.76640625 0.2203125 0.35546875
1 0.0375 0.1109375 0.0546875 0.028125
0 0.121875 0.0578125 0.02578125 0.01171875
2 0.65390625 0.2796875 0.03515625 0.04609375
1 0.0765625 0.121875 0.03359375 0.02578125
0 0.0984375 0.13046875 0.0359375 0.02421875
6 0.48515625 0.2 0.03828125 0.02578125
0 0.18203125 0.79453125 0.35625 0.4109375