2 0.26953125 0.378125 0.01015625 0.01328125
1 0.42734375 0.42734375 0.00078125 0.00078125
0 0.51640625 0.41640625 0.10234375 0.06796875
5 0.36171875 0.31875 0.00703125 0.0203125
4 0.68203125 0.196875 0.02578125 0.10703125
3 0.28515625 0.3203125 0.00546875 0.01328125
6 0.55625 0.49375 0.115625 0.11953125
2 0.34375 0.43203125 0.0203125 0.0203125
0 0.34765625 0.42109375 0.00703125 0.0109375
4 0.1109375 0.35703125 0.01796875 0.0453125
6 0.1421875 0.44140625 0.04140625 0.03046875
1 0.36953125 0.434375 0.03359375 0.025
6 0.2953125 0.38046875 0.01640625 0.00859375
1 0.40546875 0.434375 0.028125 0.0234375
0 0.134375 0.46015625 0.071875 0.0296875
1 0.43515625 0.43828125 0.05703125 0.021875
6 0.35078125 0.38359375 0.00859375 0.003125
0 0.296875 0.43671875 0.03046875 0.01328125
6 0.21640625 0.37578125 0.01953125 0.009375