2 0.5921875 0.73203125 0.19453125 0.27578125
2 0.01328125 0.3671875 0.0203125 0.0265625
6 0.1734375 0.43125 0.02265625 0.01953125
5 0.19921875 0.2515625 0.00859375 0.0203125
4 0.10703125 0.23984375 0.01640625 0.04609375
3 0.76484375 0.39921875 0.0203125 0.03984375
1 0.3703125 0.509375 0.0203125 0.00859375
0 0.34921875 0.5078125 0.01796875 0.01015625
2 0.11484375 0.41640625 0.02109375 0.03046875
0 0.16640625 0.42109375 0.0109375 0.02109375
1 0.2640625 0.50078125 0.0328125 0.04609375
6 0.17265625 0.41171875 0.034375 0.01796875
3 0.1921875 0.253125 0.00625 0.0140625
1 0.34453125 0.790625 0.24296875 0.41875
6 0.1984375 0.52421875 0.0265625 0.04921875
0 0.2890625 0.46796875 0.01953125 0.08203125
1 0.41171875 0.509375 0.02109375 0.01484375
0 0.36953125 0.509375 0.01640625 0.009375
1 0.42265625 0.5109375 0.003125 0.0140625
1 0.38828125 0.509375 0.015625 0.01171875