2 0.215625 0.253125 0.0109375 0.01796875
0 0.98984375 0.22265625 0.0203125 0.0296875
6 0.4015625 0.6578125 0.00234375 0.0046875
6 0.03515625 0.30703125 0.04140625 0.025
5 0.2171875 0.13125 0.0140625 0.0296875
4 0.9 0.0453125 0.03125 0.090625
3 0.23203125 0.15390625 0.01015625 0.01875
1 0.18984375 0.32578125 0.05390625 0.159375
1 0.49921875 0.24921875 0.02734375 0.0234375
6 0.23515625 0.246875 0.02265625 0.0203125
6 0.01875 0.315625 0.00078125 0.00078125
4 0.10390625 0.1703125 0.03359375 0.0484375
3 0.55078125 0.09375 0.00703125 0.02109375
0 0.2140625 0.321875 0.03203125 0.11484375
1 0.20234375 0.2578125 0.021875 0.025
6 0.4421875 0.72109375 0.12421875 0.18515625
0 0.28046875 0.30390625 0.02890625 0.11953125
1 0.1203125 0.35546875 0.0671875 0.1796875
1 0.1671875 0.33828125 0.06015625 0.1734375
1 0.1375 0.340625 0.05703125 0.159375