2 0.07890625 0.33359375 0.01328125 0.0265625
1 0.28046875 0.5984375 0.046875 0.09375
6 0.4109375 0.59296875 0.23984375 0.284375
5 0.17109375 0.21328125 0.01328125 0.025
4 0.59140625 0.03671875 0.03046875 0.0734375
0 0.16640625 0.76640625 0.03984375 0.13046875
2 0.98203125 0.46484375 0.03515625 0.0796875
0 0.03515625 0.72109375 0.06953125 0.05625
4 0.15703125 0.22265625 0.03203125 0.06171875
1 0.475 0.33984375 0.03671875 0.03359375
2 0.4703125 0.828125 0.3703125 0.34375
1 0.65625 0.56171875 0.00859375 0.053125