1 0.5046875 0.184375 0.0609375 0.04921875
4 0.43359375 0.10546875 0.00078125 0.00078125
5 0.23984375 0.0390625 0.01796875 0.0359375
3 0.109375 0.07578125 0.0171875 0.028125
6 0.653125 0.12578125 0.00078125 0.00078125
6 0.7390625 0.21796875 0.07578125 0.02421875
0 0.540625 0.16875 0.0203125 0.0234375
2 0.4125 0.25625 0.05 0.0515625
2 0.47109375 0.09296875 0.02578125 0.01328125
6 0.98828125 0.11796875 0.0234375 0.0390625
5 0.24140625 0.0359375 0.00390625 0.0046875
5 0.4375 0.103125 0.00390625 0.00390625
6 0.7078125 0.228125 0.00234375 0.0015625
1 0.33671875 0.13671875 0.0171875 0.021875
0 0.4265625 0.57578125 0.08984375 0.22109375
2 0.50703125 0.1625 0.02890625 0.025
0 0.60546875 0.19296875 0.06875 0.04140625
6 0.42109375 0.1046875 0.02421875 0.021875
0 0.67265625 0.6515625 0.20703125 0.3703125
6 0.64609375 0.13359375 0.02890625 0.025
6 0.41171875 0.1109375 0.00078125 0.00078125