2 0.32265625 0.12421875 0.01484375 0.01875
2 0.2546875 0.065625 0.01484375 0.003125
0 0.01875 0.05859375 0.0375 0.00625
6 0.2625 0.065625 0.0015625 0.003125
5 0.45859375 0.06875 0.00703125 0.02890625
4 0.07265625 0.009375 0.0203125 0.01875
1 0.6828125 0.0609375 0.0203125 0.121875
2 0.01015625 0.14609375 0.01953125 0.05078125
2 0.38671875 0.13203125 0.04765625 0.05390625
6 0.54921875 0.13359375 0.02265625 0.021875
4 0.565625 0.0390625 0.01484375 0.078125
1 0.64609375 0.06171875 0.0078125 0.1234375
0 0.7015625 0.06484375 0.034375 0.1296875
1 0.20390625 0.22890625 0.33203125 0.18125
0 0.58359375 0.065625 0.02421875 0.13046875
1 0.6625 0.06328125 0.034375 0.12578125
0 0.71796875 0.0640625 0.0203125 0.128125
0 0.54921875 0.1640625 0.03515625 0.05078125
1 0.5125 0.284375 0.3109375 0.23203125
1 0.2625 0.13203125 0.08125 0.02421875
1 0.103125 0.06171875 0.0203125 0.01171875
1 0.7296875 0.06171875 0.025 0.1234375