6 0.57734375 0.21484375 0.04921875 0.0109375
6 0.253125 0.1640625 0.00078125 0.00078125
1 0.56953125 0.15078125 0.053125 0.03203125
0 0.21875 0.1546875 0.0203125 0.01640625
2 0.14296875 0.0765625 0.02421875 0.00546875
0 0.32109375 0.20546875 0.09375 0.04609375
6 0.12734375 0.17421875 0.02578125 0.00703125
1 0.1046875 0.15703125 0.02578125 0.03515625
2 0.0625 0.159375 0.0515625 0.04609375
6 0.26171875 0.16640625 0.02578125 0.0109375
1 0.0984375 0.18046875 0.0484375 0.040625
0 0.7515625 0.184375 0.04609375 0.02421875
1 0.759375 0.3734375 0.42890625 0.19453125
6 0.4125 0.16484375 0.0171875 0.01640625
0 0.484375 0.22421875 0.11796875 0.0515625
0 0.19609375 0.1734375 0.08203125 0.04140625