1 0.01015625 0.04921875 0.003125 0.01171875
5 0.165625 0.05390625 0.009375 0.02109375
4 0.371875 0.00703125 0.01640625 0.0140625
0 0.04921875 0.30703125 0.05703125 0.04453125
4 0.15234375 0.04921875 0.01875 0.03125
6 0.52890625 0.1828125 0.05390625 0.03828125
1 0.6484375 0.18203125 0.08359375 0.0703125
0 0.2828125 0.2265625 0.03984375 0.03671875
0 0.4515625 0.68828125 0.10390625 0.5046875
6 0.2765625 0.203125 0.03984375 0.01875
1 0.884375 0.3734375 0.23125 0.203125
0 0.5859375 0.540625 0.1203125 0.32109375
1 0.140625 0.30703125 0.05234375 0.059375