2 0.27890625 0.434375 0.04296875 0.06015625
2 0.2515625 0.4265625 0.02578125 0.02109375
1 0.1578125 0.415625 0.0609375 0.02578125
6 0.44296875 0.3515625 0.021875 0.003125
5 0.17890625 0.378125 0.0046875 0.00546875
4 0.1078125 0.271875 0.01796875 0.04453125
4 0.17421875 0.33359375 0.01640625 0.04375
1 0.6015625 0.3125 0.16953125 0.625
0 0.0609375 0.396875 0.121875 0.79375
4 0.74375 0.303125 0.0328125 0.11640625
1 0.36953125 0.27421875 0.1234375 0.5484375
1 0.48828125 0.25625 0.0609375 0.5125
1 0.6875 0.25859375 0.02734375 0.51640625