4 0.03984375 0.18203125 0.02265625 0.0515625
5 0.47109375 0.26875 0.00703125 0.01953125
3 0.23359375 0.16328125 0.00625 0.015625
6 0.84296875 0.709375 0.24609375 0.22109375
1 0.28359375 0.303125 0.03359375 0.01953125
0 0.3453125 0.3234375 0.02265625 0.01796875
2 0.24140625 0.3734375 0.0390625 0.06640625
1 0.0328125 0.559375 0.065625 0.09921875
4 0.4609375 0.2703125 0.01171875 0.040625
5 0.315625 0.17109375 0.00859375 0.021875
6 0.32890625 0.25 0.0171875 0.00390625
2 0.29453125 0.31328125 0.03046875 0.0234375
0 0.57890625 0.36953125 0.07265625 0.45546875
4 0.628125 0.11640625 0.02734375 0.10703125
6 0.2265625 0.35546875 0.01640625 0.0109375
1 0.57578125 0.7890625 0.171875 0.42109375
0 0.38671875 0.240625 0.00546875 0.0015625
2 0.17109375 0.3046875 0.03359375 0.02578125
1 0.25 0.2953125 0.03671875 0.02421875
6 0.0109375 0.303125 0.021875 0.025
6 0.91953125 0.7953125 0.00859375 0.00703125
0 0.50546875 0.35078125 0.05703125 0.3890625
1 0.0375 0.478125 0.07421875 0.08671875
6 0.35234375 0.33125 0.01484375 0.01953125
0 0.3453125 0.35703125 0.02890625 0.0265625
0 0.009375 0.28671875 0.01875 0.01796875
0 0.21171875 0.31484375 0.01796875 0.0109375