6 0.5578125 0.33671875 0.00625 0.009375
5 0.6109375 0.35390625 0.00390625 0.00390625
4 0.98046875 0.303125 0.0390625 0.08125
3 0.41484375 0.23359375 0.00546875 0.01484375
1 0.74140625 0.61796875 0.13359375 0.18828125
0 0.40546875 0.3640625 0.01015625 0.0140625
2 0.5484375 0.39375 0.01953125 0.02421875
2 0.6046875 0.6796875 0.1640625 0.2484375
1 0.97265625 0.5984375 0.05390625 0.08203125
4 0.603125 0.3515625 0.0125 0.0046875
5 0.48671875 0.25078125 0.0078125 0.021875
6 0.4546875 0.38203125 0.009375 0.009375
1 0.43203125 0.30625 0.034375 0.01640625
4 0.23359375 0.2265625 0.01796875 0.05390625
6 0.48046875 0.3890625 0.01796875 0.00625
1 0.353125 0.353125 0.01796875 0.01953125
6 0.59609375 0.48671875 0.040625 0.04921875
1 0.56640625 0.3375 0.0125 0.0140625