2 0.10390625 0.40390625 0.03359375 0.0453125
1 0.33984375 0.56640625 0.3421875 0.25546875
4 0.2078125 0.13828125 0.0171875 0.03984375
5 0.075 0.15 0.01171875 0.021875
6 0.23359375 0.28203125 0.0046875 0.01015625
0 0.09921875 0.2296875 0.0140625 0.009375
2 0.1734375 0.34375 0.01875 0.03515625
1 0.1578125 0.3015625 0.00390625 0.0109375
0 0.22578125 0.30078125 0.00625 0.01171875
6 0.2375 0.32890625 0.00546875 0.009375
2 0.2234375 0.365625 0.02265625 0.034375
0 0.00859375 0.34140625 0.0171875 0.02109375