2 0.83359375 0.48515625 0.3328125 0.459375
6 0.45859375 0.2734375 0.03046875 0.01328125
5 0.25234375 0.08359375 0.0125 0.03359375
4 0.12421875 0.09765625 0.03046875 0.075
3 0.26640625 0.1109375 0.009375 0.0203125
0 0.0109375 0.209375 0.02109375 0.13125
0 0.18203125 0.27890625 0.05 0.0265625
6 0.1265625 0.290625 0.0796875 0.03359375
6 0.44765625 0.27578125 0.00078125 0.00078125
3 0.60625 0.12578125 0.00703125 0.02421875
6 0.10390625 0.2890625 0.00234375 0.003125
6 0.39609375 0.70546875 0.3203125 0.5890625