2 0.421875 0.33203125 0.02421875 0.025
0 0.4234375 0.33828125 0.0203125 0.01875
6 0.396875 0.3390625 0.01015625 0.01171875
5 0.325 0.21640625 0.00234375 0.0015625
5 0.58671875 0.2625 0.0078125 0.0265625
4 0.2328125 0.2375 0.01953125 0.04921875
3 0.31640625 0.22265625 0.00703125 0.0140625
2 0.2984375 0.3515625 0.01953125 0.03125
0 0.22734375 0.73515625 0.4546875 0.5296875
6 0.54609375 0.3453125 0.03671875 0.03359375
5 0.3234375 0.21875 0.00859375 0.021875
5 0.5875 0.26015625 0.0015625 0.00390625
4 0.72734375 0.21328125 0.02578125 0.08203125
1 0.98984375 0.16171875 0.0203125 0.2234375
1 0.66796875 0.315625 0.04453125 0.03984375
6 0.03984375 0.465625 0.07890625 0.08125
5 0.02890625 0.340625 0.015625 0.02578125
4 0.0203125 0.29609375 0.03046875 0.05625
0 0.96640625 0.165625 0.04921875 0.23828125
0 0.36328125 0.36171875 0.04609375 0.0359375
1 0.0078125 0.5296875 0.015625 0.121875
1 0.8640625 0.29296875 0.05546875 0.03828125