2 0.3421875 0.42265625 0.04609375 0.04921875
0 0.32890625 0.3234375 0.01015625 0.00703125
1 0.00625 0.26328125 0.01171875 0.00703125
6 0.728125 0.42578125 0.0578125 0.0265625
5 0.17265625 0.20625 0.01328125 0.03671875
5 0.57421875 0.34765625 0.00234375 0.003125
4 0.77890625 0.3296875 0.02734375 0.07578125
3 0.1609375 0.209375 0.0109375 0.02421875
0 0.259375 0.4296875 0.0359375 0.04296875
1 0.35546875 0.31796875 0.02109375 0.01640625
6 0.52421875 0.43671875 0.0546875 0.03828125
5 0.175 0.20546875 0.00390625 0.0046875
5 0.571875 0.34921875 0.0109375 0.02890625
0 0.66796875 0.76171875 0.39140625 0.4765625
1 0.41328125 0.40703125 0.03203125 0.02109375