2 0.5875 0.371875 0.05703125 0.0953125
2 0.38828125 0.35078125 0.0296875 0.03828125
0 0.64609375 0.28125 0.0234375 0.00859375
1 0.51328125 0.2828125 0.03671875 0.0140625
6 0.4171875 0.3640625 0.04140625 0.02890625
5 0.93515625 0.28125 0.01640625 0.03828125
4 0.49375 0.23046875 0.0140625 0.0484375
3 0.57265625 0.21953125 0.00625 0.01484375
2 0.64765625 0.34921875 0.025 0.0234375
0 0.2671875 0.60390625 0.534375 0.3859375
1 0.48515625 0.35 0.03203125 0.02421875
5 0.58125 0.21328125 0.00234375 0.003125
5 0.3328125 0.309375 0.00859375 0.021875
4 0.26015625 0.20546875 0.0171875 0.0484375
3 0.1859375 0.27421875 0.00859375 0.0265625
0 0.6515625 0.35234375 0.02890625 0.01796875
1 0.8234375 0.35546875 0.08828125 0.03515625
5 0.5796875 0.215625 0.00859375 0.0234375
5 0.334375 0.3078125 0.00234375 0.003125
4 0.33046875 0.27109375 0.01640625 0.046875
0 0.64609375 0.28359375 0.03046875 0.003125