1 0.11796875 0.34296875 0.03203125 0.021875
5 0.19765625 0.21953125 0.009375 0.01875
6 0.34921875 0.53359375 0.13828125 0.1984375
0 0.23828125 0.37734375 0.03828125 0.01796875
2 0.08125 0.403125 0.02734375 0.03046875
2 0.26015625 0.33671875 0.0203125 0.02421875
5 0.0171875 0.28984375 0.01328125 0.021875
6 0.321875 0.40625 0.02890625 0.03828125
1 0.4078125 0.34453125 0.03828125 0.01171875
0 0.09609375 0.45390625 0.05234375 0.04296875
2 0.35 0.3859375 0.021875 0.0359375
1 0.2328125 0.45703125 0.096875 0.02890625
6 0.20390625 0.34296875 0.02421875 0.01484375
6 0.1203125 0.29375 0.01328125 0.01328125
1 0.09765625 0.3890625 0.053125 0.02578125
1 0.38984375 0.3265625 0.03203125 0.0203125
1 0.37109375 0.31953125 0.01796875 0.01484375