2 0.69453125 0.30625 0.10625 0.134375
2 0.50703125 0.24921875 0.00078125 0.00859375
5 0.403125 0.2234375 0.00625 0.01640625
4 0.253125 0.25234375 0.0234375 0.08828125
3 0.75703125 0.209375 0.00546875 0.0140625
0 0.3859375 0.28359375 0.0171875 0.00546875
0 0.4421875 0.24921875 0.00859375 0.00859375
2 0.4609375 0.29296875 0.00078125 0.00390625
4 0.9515625 0.25078125 0.03359375 0.07421875
3 0.40390625 0.24140625 0.0046875 0.0109375
1 0.45703125 0.27265625 0.0046875 0.05859375
0 0.52890625 0.30234375 0.01640625 0.00625
4 0.496875 0.19921875 0.01015625 0.03359375
3 0.33515625 0.20546875 0.00234375 0.015625
1 0.4421875 0.27265625 0.00859375 0.05859375
1 0.60546875 0.41328125 0.15 0.28828125
0 0.471875 0.27578125 0.00546875 0.04453125
1 0.465625 0.271875 0.00859375 0.05703125
0 0.4796875 0.275 0.00546875 0.04453125
0 0.49765625 0.2765625 0.00625 0.04609375