5 0.0125 0.084375 0.01328125 0.02578125
4 0.38125 0.13359375 0.015625 0.0640625
6 0.128125 0.278125 0.01640625 0.01796875
1 0.04375 0.24140625 0.04453125 0.01796875
0 0.37890625 0.3140625 0.01328125 0.00703125
2 0.57734375 0.52109375 0.284375 0.35625
2 0.528125 0.32421875 0.09921875 0.109375
5 0.2078125 0.196875 0.00703125 0.01953125
4 0.959375 0.23828125 0.00546875 0.01640625
6 0.13828125 0.32109375 0.05625 0.0109375
0 0.134375 0.3234375 0.03203125 0.00703125
4 0.196875 0.19765625 0.01484375 0.03984375