1 0.68125 0.2359375 0.03671875 0.01796875
4 0.82265625 0.11328125 0.021875 0.0515625
5 0.6890625 0.11015625 0.009375 0.02421875
2 0.7890625 0.2609375 0.028125 0.0234375
4 0.47578125 0.125 0.01328125 0.05
6 0.96484375 0.93046875 0.0703125 0.1390625
1 0.76796875 0.1890625 0.01796875 0.01640625
0 0.5953125 0.20703125 0.02734375 0.00703125
2 0.69375 0.54140625 0.1546875 0.275
6 0.775 0.29296875 0.01796875 0.0203125
0 0.69140625 0.25078125 0.01796875 0.02109375
1 0.6875 0.32734375 0.03203125 0.07109375
1 0.9828125 0.33671875 0.034375 0.040625