0 0.65 0.4109375 0.01171875 0.02578125
2 0.1265625 0.45625 0.01796875 0.015625
2 0.21171875 0.4734375 0.02265625 0.02890625
1 0.01796875 0.38984375 0.03515625 0.01484375
6 0.2609375 0.43828125 0.0078125 0.00625
5 0.171875 0.3203125 0.0078125 0.01875
4 0.08359375 0.328125 0.01796875 0.040625
3 0.16484375 0.3234375 0.00625 0.0109375
2 0.12578125 0.47421875 0.034375 0.02421875
0 0.67578125 0.47890625 0.065625 0.08046875
6 0.25390625 0.4765625 0.028125 0.0140625
1 0.01953125 0.46875 0.0390625 0.025
6 0.10234375 0.48203125 0.040625 0.01796875