2 0.53359375 0.3765625 0.31015625 0.35703125
2 0.1984375 0.2203125 0.01484375 0.01875
5 0.3234375 0.1765625 0.00703125 0.0234375
4 0.4046875 0.1703125 0.015625 0.05703125
3 0.046875 0.084375 0.009375 0.01484375
1 0.4546875 0.20703125 0.015625 0.07421875
0 0.42890625 0.21875 0.01328125 0.05546875
6 0.15078125 0.171875 0.00546875 0.00390625
5 0.05546875 0.0859375 0.01015625 0.01328125
5 0.32421875 0.175 0.00078125 0.0015625
3 0.67890625 0.10390625 0.0125 0.02890625
1 0.44375 0.20703125 0.01171875 0.07578125
0 0.371875 0.221875 0.0140625 0.06640625
1 0.42109375 0.2078125 0.01484375 0.0765625
0 0.43828125 0.21796875 0.0109375 0.05546875
0 0.171875 0.23828125 0.02109375 0.015625
1 0.10703125 0.234375 0.015625 0.02109375
1 0.24453125 0.2578125 0.01640625 0.02890625
1 0.42578125 0.190625 0.01328125 0.04140625
1 0.0546875 0.1671875 0.01953125 0.01171875
1 0.14375 0.228125 0.01796875 0.01953125