2 0.82890625 0.48125 0.003125 0.01328125
0 0.94765625 0.61875 0.02109375 0.01875
6 0.815625 0.56875 0.01796875 0.0140625
5 0.875 0.39921875 0.00234375 0.003125
5 0.6328125 0.428125 0.0078125 0.01953125
4 0.6359375 0.3984375 0.01015625 0.0390625
3 0.615625 0.68828125 0.03359375 0.23359375
0 0.78828125 0.546875 0.0328125 0.02109375
5 0.8734375 0.40078125 0.01015625 0.02109375
5 0.634375 0.42734375 0.0015625 0.003125
4 0.7859375 0.396875 0.01796875 0.04140625
3 0.86484375 0.40234375 0.00703125 0.0140625
0 0.9203125 0.49765625 0.02265625 0.01171875
4 0.62734375 0.484375 0.01796875 0.09375