4 0.515625 0.06875 0.01953125 0.08125
6 0.628125 0.46875 0.21953125 0.13984375
1 0.6796875 0.2515625 0.06875 0.0484375
0 0.25546875 0.2609375 0.00390625 0.01875
2 0.53515625 0.26640625 0.025 0.05
2 0.27578125 0.2609375 0.03984375 0.02890625
6 0.22421875 0.190625 0.00625 0.003125
1 0.35625 0.2640625 0.01875 0.034375
0 0.3671875 0.34296875 0.14296875 0.0796875
2 0.42421875 0.2625 0.034375 0.03984375
0 0.15703125 0.2609375 0.03984375 0.021875
0 0.33046875 0.296875 0.053125 0.03203125
1 0.034375 0.25234375 0.01328125 0.01796875