2 0.20546875 0.57890625 0.01640625 0.01484375
4 0.3640625 0.5265625 0.01640625 0.04609375
5 0.22265625 0.52421875 0.01015625 0.02578125
6 0.30546875 0.6671875 0.01640625 0.0234375
1 0.1765625 0.66015625 0.02109375 0.028125
0 0.83359375 0.634375 0.0921875 0.03203125
2 0.50390625 0.328125 0.03828125 0.05625
0 0.3421875 0.5984375 0.0015625 0.0015625
1 0.49921875 0.6890625 0.07734375 0.13984375
2 0.33359375 0.59296875 0.01640625 0.01328125
1 0.25390625 0.66171875 0.06640625 0.03046875
6 0.115625 0.5765625 0.0109375 0.00859375
0 0.334375 0.67109375 0.05 0.03359375
6 0.1171875 0.6734375 0.04921875 0.034375
6 0.2109375 0.66484375 0.02890625 0.01875