0 0.975 0.2609375 0.05 0.028125
2 0.8140625 0.246875 0.02734375 0.025
6 0.8515625 0.3171875 0.04609375 0.02890625
5 0.7953125 0.02578125 0.01171875 0.0296875
4 0.525 0.30078125 0.09453125 0.6015625
3 0.803125 0.05 0.00859375 0.01640625
1 0.7515625 0.21015625 0.0328125 0.13359375
4 0.69921875 0.05390625 0.021875 0.059375
1 0.79921875 0.20859375 0.02578125 0.1296875
1 0.75859375 0.153125 0.01953125 0.021875
0 0.86328125 0.22109375 0.02890625 0.10703125
1 0.9203125 0.14375 0.02265625 0.0203125
1 0.78359375 0.21171875 0.03515625 0.13515625