6 0.65234375 0.678125 0.23515625 0.25390625
5 0.20703125 0.08671875 0.00859375 0.03125
4 0.32734375 0.121875 0.02109375 0.0734375
3 0.67265625 0.17265625 0.015625 0.03203125
1 0.3984375 0.2234375 0.0234375 0.1234375
0 0.43359375 0.2640625 0.0125 0.11875
1 0.40078125 0.23203125 0.02578125 0.13515625
0 0.34296875 0.24140625 0.01953125 0.1265625
1 0.44453125 0.24375 0.01953125 0.1296875
0 0.42265625 0.2671875 0.02109375 0.1234375
0 0.228125 0.203125 0.03046875 0.02109375
1 0.4203125 0.228125 0.02421875 0.1203125
0 0.39296875 0.27578125 0.0328125 0.0140625
0 0.81015625 0.46953125 0.05546875 0.10078125