2 0.23359375 0.4875 0.025 0.01015625
0 0.271875 0.49296875 0.01796875 0.0015625
1 0.31796875 0.49140625 0.03125 0.00859375
6 0.05234375 0.54921875 0.03515625 0.01328125
5 0.371875 0.425 0.00859375 0.01328125
4 0.284375 0.44140625 0.01640625 0.0453125
3 0.36484375 0.428125 0.00546875 0.0046875
0 0.2109375 0.55859375 0.009375 0.00390625
1 0.5625 0.578125 0.26953125 0.2796875
4 0.70078125 0.415625 0.03359375 0.14140625
1 0.39140625 0.5515625 0.04765625 0.03125
4 0.04765625 0.40625 0.01953125 0.04609375
4 0.1125 0.48046875 0.01640625 0.0046875