4 0.35703125 0.3015625 0.009375 0.0015625
6 0.36171875 0.54609375 0.128125 0.20390625
1 0.51484375 0.359375 0.03359375 0.03515625
0 0.56640625 0.6 0.12265625 0.18125
2 0.053125 0.2421875 0.0015625 0.003125
1 0.528125 0.43203125 0.07578125 0.13125
4 0.58203125 0.1734375 0.02109375 0.0734375
6 0.4171875 0.35703125 0.01953125 0.03828125
0 0.025 0.36640625 0.04921875 0.05546875
2 0.24765625 0.3265625 0.02109375 0.03046875
1 0.49296875 0.3484375 0.00703125 0.021875
0 0.37265625 0.43671875 0.06484375 0.0640625