2 0.4203125 0.265625 0.02734375 0.0546875
1 0.4546875 0.15859375 0.05078125 0.01796875
6 0.21796875 0.29765625 0.06640625 0.046875
5 0.3953125 0.06796875 0.0109375 0.03125
4 0.2875 0.09375 0.0234375 0.06640625
3 0.40703125 0.09375 0.0078125 0.01953125
0 0.07734375 0.25 0.01328125 0.0109375
2 0.59453125 0.25859375 0.03515625 0.046875
1 0.515625 0.46875 0.17890625 0.33515625
6 0.559375 0.29453125 0.034375 0.03203125
5 0.396875 0.065625 0.00234375 0.00390625
5 0.09296875 0.13203125 0.003125 0.02109375
3 0.765625 0.06953125 0.01171875 0.03359375
0 0.01328125 0.2 0.0265625 0.11875
0 0.36171875 0.271875 0.05625 0.03203125
0 0.415625 0.225 0.01875 0.0515625
0 0.0328125 0.190625 0.021875 0.13671875
0 0.0484375 0.1859375 0.03984375 0.1546875