0 0.6296875 0.45703125 0.11171875 0.2640625
2 0.36875 0.134375 0.01171875 0.0046875
2 0.42109375 0.190625 0.01171875 0.01875
1 0.21328125 0.19375 0.03203125 0.01171875
6 0.51328125 0.26171875 0.01796875 0.0203125
5 0.3015625 0.03671875 0.00703125 0.02109375
4 0.64765625 0.1890625 0.0234375 0.06328125
3 0.309375 0.05546875 0.00546875 0.0140625
2 0.68671875 0.259375 0.10703125 0.11953125
0 0.26953125 0.1109375 0.00703125 0.01015625
1 0.06328125 0.18125 0.08046875 0.01328125
3 0.5078125 0.11796875 0.0046875 0.01484375
0 0.296875 0.1828125 0.00078125 0.0046875
1 0.521875 0.25234375 0.01328125 0.02890625
3 0.85546875 0.25859375 0.01796875 0.03125
1 0.44296875 0.2234375 0.03984375 0.0234375