2 0.54375 0.29453125 0.28046875 0.36328125
2 0.75703125 0.2234375 0.034375 0.0109375
0 0.26015625 0.321875 0.02890625 0.01484375
1 0.2796875 0.259375 0.03203125 0.0046875
6 0.40234375 0.32890625 0.00546875 0.02421875
4 0.10859375 0.19140625 0.02265625 0.05546875
3 0.2109375 0.190625 0.0078125 0.015625
2 0.853125 0.29296875 0.29375 0.3390625
6 0.325 0.2640625 0.0078125 0.00625
5 0.21953125 0.18671875 0.01015625 0.025
1 0.86875 0.10546875 0.02890625 0.21015625
0 0.85703125 0.10546875 0.02578125 0.2109375
1 0.7171875 0.1390625 0.0671875 0.278125
0 0.5484375 0.08671875 0.04609375 0.1734375
1 0.6875 0.15703125 0.0125 0.24375
0 0.81484375 0.10859375 0.0796875 0.2171875
1 0.7625 0.1140625 0.05 0.228125