2 0.7828125 0.384375 0.0421875 0.04609375
1 0.021875 0.3734375 0.04296875 0.05078125
0 0.209375 0.38671875 0.034375 0.03984375
5 0.2046875 0.321875 0.01015625 0.025
4 0.09453125 0.30078125 0.02578125 0.0640625
2 0.315625 0.27890625 0.003125 0.0140625
1 0.4859375 0.38671875 0.01328125 0.02109375
0 0.59296875 0.40078125 0.20390625 0.16796875
2 0.30390625 0.384375 0.01015625 0.02578125
6 0.15859375 0.434375 0.15234375 0.03359375
1 0.25546875 0.30546875 0.04375 0.01015625
0 0.4328125 0.3859375 0.01953125 0.01953125
1 0.16796875 0.35859375 0.078125 0.03203125
6 0.396875 0.396875 0.00390625 0.0015625
6 0.09921875 0.44609375 0.00546875 0.0046875
0 0.81328125 0.390625 0.04296875 0.05859375
0 0.0859375 0.3875 0.1171875 0.04375