0 0.6765625 0.22578125 0.08046875 0.034375
6 0.43203125 0.30625 0.03515625 0.05625
5 0.3421875 0.07421875 0.0140625 0.03984375
3 0.19765625 0.0609375 0.01328125 0.02890625
2 0.54140625 0.3015625 0.04140625 0.03984375
2 0.296875 0.1734375 0.02421875 0.02578125
1 0.10078125 0.328125 0.146875 0.06640625
0 0.63125 0.4953125 0.25546875 0.13359375
2 0.9140625 0.353125 0.1046875 0.07578125
1 0.39375 0.3203125 0.10390625 0.05390625
0 0.84921875 0.33359375 0.05078125 0.04140625
0 0.2546875 0.31875 0.05546875 0.034375
1 0.26953125 0.17421875 0.034375 0.02109375