2 0.48125 0.65390625 0.10234375 0.15703125
1 0.1375 0.615625 0.0015625 0.009375
0 0.9375 0.71953125 0.12421875 0.1765625
4 0.47734375 0.52265625 0.00625 0.00078125
5 0.325 0.42734375 0.00859375 0.0234375
6 0.36796875 0.4953125 0.0125 0.00703125
3 0.23203125 0.43046875 0.00703125 0.015625
2 0.24453125 0.57265625 0.01640625 0.03203125
1 0.3625 0.575 0.0359375 0.03515625
0 0.77265625 0.59375 0.03828125 0.0546875
4 0.80234375 0.284375 0.03828125 0.115625
6 0.925 0.615625 0.15 0.059375
6 0.18515625 0.57890625 0.03203125 0.01796875
1 0.3765625 0.81015625 0.21953125 0.3796875
0 0.31796875 0.6296875 0.12265625 0.05390625