2 0.30625 0.346875 0.04140625 0.04921875
0 0.084375 0.26640625 0.04296875 0.00703125
1 0.025 0.3484375 0.05 0.034375
5 0.359375 0.28203125 0.00859375 0.03359375
4 0.4953125 0.2390625 0.02734375 0.103125
1 0.91484375 0.1671875 0.11875 0.334375
5 0.0046875 0.17265625 0.00859375 0.0265625
0 0.590625 0.19140625 0.12421875 0.38203125
0 0.57421875 0.4015625 0.13828125 0.09140625
1 0.73828125 0.17578125 0.06640625 0.35078125
1 0.9671875 0.178125 0.06484375 0.35546875
1 0.81640625 0.17890625 0.12265625 0.35703125
1 0.36953125 0.36171875 0.03984375 0.06875