2 0.29296875 0.2734375 0.01796875 0.0296875
0 0.190625 0.29296875 0.13125 0.0515625
1 0.32265625 0.2875 0.0765625 0.046875
5 0.00625 0.05546875 0.0125 0.0359375
4 0.65859375 0.225 0.02265625 0.07421875
3 0.9578125 0.25078125 0.0140625 0.02890625
2 0.57265625 0.30390625 0.05078125 0.04921875
0 0.6671875 0.40625 0.20234375 0.16015625
1 0.63828125 0.31015625 0.0578125 0.03515625
3 0.02265625 0.08671875 0.0125 0.02421875
0 0.54453125 0.44140625 0.27890625 0.23125
1 0.45546875 0.30546875 0.08671875 0.059375
3 0.390625 0.17265625 0.00546875 0.01796875
0 0.82265625 0.3390625 0.06953125 0.0390625