2 0.1703125 0.23359375 0.0296875 0.046875
0 0.2296875 0.19296875 0.0296875 0.02421875
5 0.07578125 0.01640625 0.01796875 0.03125
4 0.5359375 0.0484375 0.02734375 0.09609375
3 0.065625 0.0234375 0.01328125 0.0203125
1 0.753125 0.16171875 0.06875 0.3234375
1 0.0953125 0.2171875 0.0453125 0.02890625
5 0.40390625 0.08359375 0.00390625 0.03125
0 0.884375 0.340625 0.19140625 0.68125
1 0.69296875 0.20859375 0.09296875 0.41640625
0 0.4359375 0.290625 0.10390625 0.58125
1 0.6484375 0.1734375 0.01640625 0.346875
0 0.9109375 0.05390625 0.09609375 0.0734375
1 0.8546875 0.19765625 0.10859375 0.3953125