6 0.40078125 0.70546875 0.06171875 0.0953125
5 0.11171875 0.4375 0.00546875 0.03828125
4 0.28515625 0.4234375 0.03046875 0.103125
3 0.98359375 0.2765625 0.0328125 0.059375
1 0.56875 0.53671875 0.01015625 0.3296875
0 0.77421875 0.64375 0.0921875 0.71171875
6 0.01015625 0.53984375 0.0203125 0.0390625
1 0.67265625 0.53515625 0.08515625 0.5109375
0 0.1953125 0.56484375 0.171875 0.8703125
1 0.52578125 0.534375 0.090625 0.58828125
0 0.86875 0.61015625 0.16875 0.7796875
1 0.48125 0.51875 0.06015625 0.45390625
1 0.02265625 0.66796875 0.0453125 0.0890625