0 0.8125 0.56640625 0.11875 0.04453125
1 0.21953125 0.6109375 0.3203125 0.18984375
6 0.5640625 0.5703125 0.03828125 0.01875
4 0.36015625 0.50078125 0.02109375 0.065625
3 0.00390625 0.45625 0.0078125 0.021875
0 0.39375 0.58203125 0.03359375 0.0265625
1 0.77421875 0.4546875 0.01796875 0.009375
4 0.81953125 0.3953125 0.01328125 0.05546875
3 0.57578125 0.50625 0.00625 0.01953125
0 0.91953125 0.428125 0.02734375 0.01875
1 0.79453125 0.44140625 0.02578125 0.025
4 0.88203125 0.43203125 0.009375 0.0265625
0 0.0671875 0.596875 0.02734375 0.02421875
1 0.44765625 0.5734375 0.01640625 0.028125