1 0.35546875 0.40390625 0.02578125 0.075
4 0.17265625 0.15078125 0.0125 0.0359375
5 0.04921875 0.21640625 0.015625 0.021875
6 0.07578125 0.484375 0.040625 0.0453125
0 0.190625 0.12890625 0.02890625 0.01640625
2 0.00390625 0.39375 0.0078125 0.01484375
2 0.0359375 0.6890625 0.05 0.0515625
2 0.0796875 0.35 0.0203125 0.0390625
6 0.04921875 0.42109375 0.02578125 0.02109375
1 0.30390625 0.25625 0.01796875 0.01640625
0 0.1421875 0.34296875 0.03515625 0.02578125
2 0.159375 0.24921875 0.00234375 0.00390625
6 0.1328125 0.34453125 0.01328125 0.01953125
0 0.32578125 0.359375 0.0546875 0.0453125
2 0.00234375 0.33046875 0.0046875 0.0046875
6 0.4375 0.3828125 0.01328125 0.01953125
0 0.40234375 0.69921875 0.228125 0.24375
6 0.19375 0.1234375 0.01953125 0.01953125