2 0.6515625 0.425 0.1390625 0.19453125
6 0.17265625 0.16875 0.01640625 0.00625
5 0.2703125 0.0921875 0.00234375 0.003125
5 0.4375 0.19140625 0.00703125 0.0203125
4 0.59609375 0.0359375 0.02578125 0.07109375
3 0.178125 0.0890625 0.0078125 0.01640625
1 0.0734375 0.228125 0.040625 0.0234375
0 0.55859375 0.24921875 0.07578125 0.4984375
0 0.04140625 0.29296875 0.08203125 0.04296875
4 0.4265625 0.19375 0.01328125 0.04296875
5 0.26875 0.09375 0.009375 0.02421875
5 0.4390625 0.190625 0.00234375 0.0015625
6 0.1078125 0.159375 0.03046875 0.01328125
1 0.253125 0.334375 0.14921875 0.13203125
1 0.22265625 0.23671875 0.01484375 0.0234375
6 0.28125 0.2515625 0.01796875 0.02578125
0 0.3109375 0.178125 0.00546875 0.003125
0 0.50078125 0.31796875 0.0015625 0.01875
0 0.07109375 0.159375 0.0265625 0.00625
0 0.475 0.2265625 0.05625 0.45078125