0 0.49921875 0.59375 0.13671875 0.21328125
1 0.12578125 0.3921875 0.11328125 0.05625
6 0.02265625 0.4140625 0.04453125 0.040625
5 0.3171875 0.1265625 0.0125 0.03046875
4 0.20625 0.16640625 0.028125 0.06640625
3 0.33125 0.15078125 0.00859375 0.01953125
0 0.24453125 0.3515625 0.05234375 0.03203125
1 0.24140625 0.24375 0.0515625 0.01953125
6 0.0203125 0.27109375 0.040625 0.0109375
3 0.6625 0.09921875 0.00859375 0.03125
0 0.09375 0.26328125 0.03828125 0.00859375
6 0.0234375 0.384375 0.04609375 0.0234375