0 0.5953125 0.265625 0.0234375 0.02421875
1 0.11328125 0.12265625 0.00234375 0.00078125
6 0.28515625 0.1640625 0.03125 0.00703125
5 0.21171875 0.0515625 0.0046875 0.00546875
5 0.65234375 0.19375 0.01328125 0.0359375
4 0.93671875 0.146875 0.04921875 0.10703125
3 0.19609375 0.05703125 0.0125 0.028125
1 0.41875 0.309375 0.32890625 0.17421875
6 0.903125 0.278125 0.1140625 0.04375
5 0.209375 0.05390625 0.015625 0.04140625
5 0.65546875 0.19140625 0.003125 0.0046875
1 0.00390625 0.10234375 0.0078125 0.00859375