2 0.0984375 0.1359375 0.09609375 0.10625
2 0.2140625 0.01953125 0.01640625 0.01796875
6 0.08125 0.090625 0.02734375 0.021875
1 0.65390625 0.03984375 0.0265625 0.0796875
0 0.69140625 0.04140625 0.0109375 0.0828125
2 0.35390625 0.04765625 0.03203125 0.03828125
6 0.09765625 0.02734375 0.03828125 0.01953125
1 0.66484375 0.03671875 0.0109375 0.0734375
0 0.61875 0.04296875 0.02265625 0.08515625
1 0.68828125 0.040625 0.01796875 0.08125
0 0.70078125 0.04609375 0.02734375 0.09140625
0 0.6828125 0.425 0.2953125 0.17421875
1 0.63828125 0.0375 0.01796875 0.075
0 0.790625 0.08828125 0.05234375 0.06171875
1 0.5 0.171875 0.09765625 0.11171875