0 0.4765625 0.6640625 0.08671875 0.04375
2 0.39921875 0.64765625 0.046875 0.0546875
2 0.64453125 0.6640625 0.06328125 0.05
1 0.35234375 0.64921875 0.05 0.04296875
6 0.61640625 0.73203125 0.16953125 0.16171875
5 0.43515625 0.509375 0.00234375 0.003125
5 0.1078125 0.58828125 0.0140625 0.0296875
4 0.1109375 0.5390625 0.02734375 0.0609375
3 0.425 0.5140625 0.00625 0.015625
2 0.61328125 0.65703125 0.06796875 0.065625
0 0.54140625 0.65625 0.01953125 0.01796875
1 0.41875 0.57109375 0.03046875 0.02109375
6 0.63359375 0.7671875 0.00625 0.00625
6 0.9484375 0.71015625 0.10234375 0.090625
5 0.4328125 0.5109375 0.00859375 0.02421875
5 0.1109375 0.5859375 0.00390625 0.00390625
4 0.0125 0.44453125 0.02421875 0.06171875
5 0.7734375 0.6 0.01328125 0.03515625
4 0.3375 0.515625 0.01640625 0.053125